15
15
2.0 0.0 5.0
2.0 0.0 6.0
1.0 0.0 6.0
-1.0 0.0 6.0
-2.0 0.0 6.0
-2.0 0.0 5.0
-1.0 0.0 5.0
1.0 0.0 5.0
1.0 -0.5 5.0
2.0 -0.5 5.0
2.0 -0.5 6.0
1.0 -0.5 6.0
-1.0 -0.5 6.0
-2.0 -0.5 6.0
-2.0 -0.5 5.0
28
1.5 0.0 5.0
1.5 -0.25 5.0
2.0 -0.25 5.0
2.0 -0.25 6.0
1.0 -0.25 6.0
-1.0 -0.25 6.0
-2.0 -0.25 6.0
-2.0 -0.25 5.0
-1.0 -0.25 5.0
1.0 -0.25 5.0
1.0 -0.75 5.0
2.0 -0.75 5.0
2.0 -0.75 6.0
1.0 -0.75 6.0
-1.0 -0.75 6.0
-2.0 -0.75 6.0
-2.0 -0.75 5.0
-1.0 -0.75 5.0
1.0 -0.75 5.0
2.0 -0.75 5.0
2.0 -0.75 6.0
1.0 -0.75 6.0
-1.0 -0.75 6.0
nan -0.75 6.0
nan -1.0 6.0
nan -1.0 5.0
nan -1.0 5.0
-2.0 -1.0 5.0
17
1.0 0.0 5.0
1.0 -0.5 5.0
2.0 -0.5 5.0
2.0 -0.5 6.0
1.0 -0.5 6.0
-1.0 -0.5 6.0
-2.0 -0.5 6.0
-2.0 -0.5 5.0
-1.0 -0.5 5.0
1.0 -0.5 5.0
1.0 -1.0 5.0
2.0 -1.0 5.0
2.0 -1.0 6.0
1.0 -1.0 6.0
-1.0 -1.0 6.0
-2.0 -1.0 6.0
-2.0 -1.0 5.0
16
2.0 1.0 4.0
4.0 1.0 4.0
4.0 0.5 4.0
4.0 0.5 4.0
4.0 0.5 5.0
4.0 0.5 6.0
4.0 0.5 7.0
2.0 0.5 7.0
1.0 0.5 7.0
-1.0 0.5 7.0
-1.0 0.5 6.0
-1.0 0.5 5.0
-1.0 0.5 4.0
1.0 0.5 4.0
2.0 0.5 4.0
2.0 0.0 4.0
18
1.5 1.0 4.0
1.5 0.75 4.0
2.0 0.75 4.0
3.0 0.75 4.0
3.0 0.25 4.0
4.0 0.25 4.0
4.0 0.25 5.0
4.0 0.25 6.0
4.0 0.25 7.0
2.0 0.25 7.0
1.0 0.25 7.0
-1.0 0.25 7.0
-1.0 0.25 6.0
-1.0 0.25 5.0
-1.0 0.25 4.0
1.0 0.25 4.0
1.5 0.25 4.0
1.5 0.0 4.0
18
1.0 1.0 4.0
1.0 0.5 4.0
2.0 0.5 4.0
2.0 0.5 4.0
2.0 0.0 4.0
4.0 0.0 4.0
4.0 0.0 5.0
4.0 0.0 6.0
4.0 0.0 7.0
2.0 0.0 7.0
1.0 0.0 7.0
-1.0 0.0 7.0
-1.0 0.0 6.0
-1.0 0.0 5.0
-1.0 0.0 4.0
1.0 0.0 4.0
1.0 0.0 4.0
1.0 0.0 4.0
20
2 1 -1
2.0 1.5 -1.0
1.0 1.5 -1.0
1.0 1.5 4.0
1.0 1.5 5.0
1.0 1.5 6.0
1.0 1.5 7.0
1.0 1.5 8.0
2.0 1.5 8.0
2 2 8
4 2 8
5 2 8
5 2 7
5 2 6
5 2 5
5 2 4
5 2 -1
4 2 -1
2 2 -1
2 2 8
28
1.5 1.0 -1.0
1.5 1.25 -1.0
1.0 1.25 -1.0
1.0 1.25 4.0
1.0 1.25 5.0
1.0 1.25 6.0
1.0 1.25 7.0
1.0 1.25 8.0
2.0 1.25 8.0
4.0 1.25 8.0
5.0 1.25 8.0
5.0 1.25 7.0
5.0 1.25 6.0
5.0 1.25 5.0
5.0 1.25 4.0
5.0 1.25 -1.0
4.0 1.25 -1.0
3.0 1.25 -1.0
3.0 1.75 -1.0
1.0 1.75 -1.0
1.0 2.0 -1.0
1 2 8
1 2 8
1 2 7
1 2 6
1 2 5
1 2 4
1 2 -1
5
1 1 -1
1 1 8
5 1 8
5 1 -1
2 1 -1
2
1 1 4
1 1 -1
2
1.5 1.0 4.0
1.5 1.0 -1.0
2
2.0 1.0 4.0
2.0 1.0 -1.0
2
1 0 5
1 0 4
2
1.5 0.0 5.0
1.5 0.0 4.0
2
2.0 0.0 5.0
2.0 0.0 4.0
